# Cornell Box
# Right green wall
POLYGON 4 (0.5,0.5,-0.5) (0.5,-0.5,-0.5)  (0.5,-0.5,0.5) (0.5,0.5,0.5)
DIFFUSE (0.0,1.0,0.0)

# Left red wall
POLYGON 4 (-0.5,0.5,-0.5) (-0.5,0.5,0.5)  (-0.5,-0.5,0.5)  (-0.5,-0.5,-0.5) 
DIFFUSE (1.0,0.0,0.0) 

# Front wall
POLYGON 4 (0.5,-0.5,-0.5) (0.5,0.5,-0.5) (-0.5,0.5,-0.5) (-0.5,-0.5,-0.5) 
DIFFUSE (1.0,1.0,1.0) 

# Ceil
POLYGON 4 (-0.5,0.5,-0.5) (0.5,0.5,-0.5) (0.5,0.5,0.5) (-0.5,0.5,0.5)
DIFFUSE (1.0,1.0,1.0) 

# Floor
POLYGON 4 (-0.5,-0.5,-0.5)  (-0.5,-0.5,0.5) (0.5,-0.5,0.5) (0.5,-0.5,-0.5)
DIFFUSE (1.0,1.0,1.0) 
# End Cornell Box

# Refractive object
SPHERE (0.0,-0.2,0.2) 0.25
DIELECTRIC (1,1,1) 2 (0.9,0.9,0.3)

# corner spheres
SPHERE (0.25,-0.25,-0.25) 0.25
DIFFUSE (0.88,0.72,0.4)

SPHERE (-0.25,-0.25,-0.25) 0.25
DIFFUSE (0.4,0.83,0.88)

# light
LIGHT (0.0,0.5,0.0) 0.2 (5,5,5) 

# out light
LIGHT (0.0,0.0,0.0) 2 (0.5,0.5,0.5) 

AMBIENT (0.0,0.0,0.0)

CAMERA (0.0,0.0,1.5) (0,-0.0,0) (0,1,0) 1
