# "Low Poly UFO Scene" (https://skfb.ly/6RLnA) by EdwinRC is licensed under Creative Commons Attribution (http://creativecommons.org/licenses/by/4.0/).

LIGHT (0.0,0.0,-0.0) 300.0 (0.5,0.5,0.7)

AMBIENT (0,0,0)

CAMERA (0.0,20.0,-107.0) (0.00,20.0,-106.0) (0,1,0) 1

MESH ..\meshes\ufo\Grid.obj
(0.0,0.0,0.0) (0.0,0.0,0.0) 1
DIFFUSE (0.516133189201355,0.8000000715255737,0.02935362048447132)

MESH ..\meshes\ufo\Cube.010_M14_0.obj
(0.0,0.0,0.0) (0.0,0.0,0.0) 1
DIFFUSE (0.05221780017018318,0.05221780017018318,0.05221780017018318)

MESH ..\meshes\ufo\Cube.010_M4_0.obj
(0.0,0.0,0.0) (0.0,0.0,0.0) 1
DIFFUSE (0.800000011920929,0.2700529992580414,0.07636330276727676)

MESH ..\meshes\ufo\Cube.010_M3_0.obj
(0.0,0.0,0.0) (0.0,0.0,0.0) 1
DIFFUSE (0.7662910223007202,0.800000011920929,0.7746390104293823)

MESH ..\meshes\ufo\Cube.009_M14_0.obj
(0.0,0.0,0.0) (0.0,0.0,0.0) 1
DIFFUSE (0.05221780017018318,0.05221780017018318,0.05221780017018318)

MESH ..\meshes\ufo\Cube.009_M4_0.obj
(0.0,0.0,0.0) (0.0,0.0,0.0) 1
DIFFUSE (0.800000011920929,0.2700529992580414,0.07636330276727676)

MESH ..\meshes\ufo\Cube.009_M3_0.obj
(0.0,0.0,0.0) (0.0,0.0,0.0) 1
DIFFUSE (0.7662910223007202,0.800000011920929,0.7746390104293823)

MESH ..\meshes\ufo\Cube.008_M14_0.obj
(0.0,0.0,0.0) (0.0,0.0,0.0) 1
DIFFUSE (0.05221780017018318,0.05221780017018318,0.05221780017018318)

MESH ..\meshes\ufo\Cube.008_M4_0.obj
(0.0,0.0,0.0) (0.0,0.0,0.0) 1
DIFFUSE (0.800000011920929,0.2700529992580414,0.07636330276727676)

MESH ..\meshes\ufo\Cube.008_M3_0.obj
(0.0,0.0,0.0) (0.0,0.0,0.0) 1
DIFFUSE (0.7662910223007202,0.800000011920929,0.7746390104293823)

MESH ..\meshes\ufo\Cube.007_M14_0.obj
(0.0,0.0,0.0) (0.0,0.0,0.0) 1
DIFFUSE (0.05221780017018318,0.05221780017018318,0.05221780017018318)

MESH ..\meshes\ufo\Cube.007_M4_0.obj
(0.0,0.0,0.0) (0.0,0.0,0.0) 1
DIFFUSE (0.800000011920929,0.2700529992580414,0.07636330276727676)

MESH ..\meshes\ufo\Cube.007_M3_0.obj
(0.0,0.0,0.0) (0.0,0.0,0.0) 1
DIFFUSE (0.7662910223007202,0.800000011920929,0.7746390104293823)

MESH ..\meshes\ufo\Cylinder.030_M6_0.obj
(0.0,0.0,0.0) (0.0,0.0,0.0) 1
DIFFUSE (0.3843739926815033,0.3843739926815033,0.3843739926815033)

MESH ..\meshes\ufo\Cylinder.030_M5_0.obj
(0.0,0.0,0.0) (0.0,0.0,0.0) 1
DIFFUSE (0.042027298361063004,0.042027298361063004,0.042027298361063004)

MESH ..\meshes\ufo\Cylinder.030_M13_0.obj
(0.0,0.0,0.0) (0.0,0.0,0.0) 1
DIFFUSE (0.800000011920929,0.5915409922599792,0.14671899378299713)

MESH ..\meshes\ufo\Cylinder.029_M6_0.obj
(0.0,0.0,0.0) (0.0,0.0,0.0) 1
DIFFUSE (0.3843739926815033,0.3843739926815033,0.3843739926815033)

MESH ..\meshes\ufo\Cylinder.029_M5_0.obj
(0.0,0.0,0.0) (0.0,0.0,0.0) 1
DIFFUSE (0.042027298361063004,0.042027298361063004,0.042027298361063004)

MESH ..\meshes\ufo\Cylinder.029_M13_0.obj
(0.0,0.0,0.0) (0.0,0.0,0.0) 1
DIFFUSE (0.800000011920929,0.5915409922599792,0.14671899378299713)

MESH ..\meshes\ufo\Cylinder.028_M6_0.obj
(0.0,0.0,0.0) (0.0,0.0,0.0) 1
DIFFUSE (0.3843739926815033,0.3843739926815033,0.3843739926815033)

MESH ..\meshes\ufo\Cylinder.028_M5_0.obj
(0.0,0.0,0.0) (0.0,0.0,0.0) 1
DIFFUSE (0.042027298361063004,0.042027298361063004,0.042027298361063004)

MESH ..\meshes\ufo\Cylinder.028_M13_0.obj
(0.0,0.0,0.0) (0.0,0.0,0.0) 1
DIFFUSE (0.800000011920929,0.5915409922599792,0.14671899378299713)

MESH ..\meshes\ufo\Cylinder.027_M6_0.obj
(0.0,0.0,0.0) (0.0,0.0,0.0) 1
DIFFUSE (0.3843739926815033,0.3843739926815033,0.3843739926815033)

MESH ..\meshes\ufo\Cylinder.027_M5_0.obj
(0.0,0.0,0.0) (0.0,0.0,0.0) 1
DIFFUSE (0.042027298361063004,0.042027298361063004,0.042027298361063004)

MESH ..\meshes\ufo\Cylinder.027_M13_0.obj
(0.0,0.0,0.0) (0.0,0.0,0.0) 1
DIFFUSE (0.800000011920929,0.5915409922599792,0.14671899378299713)

MESH ..\meshes\ufo\Cylinder.026_M6_0.obj
(0.0,0.0,0.0) (0.0,0.0,0.0) 1
DIFFUSE (0.3843739926815033,0.3843739926815033,0.3843739926815033)

MESH ..\meshes\ufo\Cylinder.026_M5_0.obj
(0.0,0.0,0.0) (0.0,0.0,0.0) 1
DIFFUSE (0.042027298361063004,0.042027298361063004,0.042027298361063004)

MESH ..\meshes\ufo\Cylinder.026_M13_0.obj
(0.0,0.0,0.0) (0.0,0.0,0.0) 1
DIFFUSE (0.800000011920929,0.5915409922599792,0.14671899378299713)

MESH ..\meshes\ufo\Cylinder.020_M6_0.obj
(0.0,0.0,0.0) (0.0,0.0,0.0) 1
DIFFUSE (0.3843739926815033,0.3843739926815033,0.3843739926815033)

MESH ..\meshes\ufo\Cylinder.020_M5_0.obj
(0.0,0.0,0.0) (0.0,0.0,0.0) 1
DIFFUSE (0.042027298361063004,0.042027298361063004,0.042027298361063004)

MESH ..\meshes\ufo\Cylinder.020_M13_0.obj
(0.0,0.0,0.0) (0.0,0.0,0.0) 1
DIFFUSE (0.800000011920929,0.5915409922599792,0.14671899378299713)

MESH ..\meshes\ufo\Cylinder.005_M1_0.obj
(0.0,0.0,0.0) (0.0,0.0,0.0) 1
DIFFUSE (0.13708700239658356,0.12911200523376465,0.13758300244808197)

MESH ..\meshes\ufo\Cylinder.005_M8_0.obj
(0.0,0.0,0.0) (0.0,0.0,0.0) 1
DIFFUSE (1.0,0.9626210331916809,0.9335126280784607)

MESH ..\meshes\ufo\Cylinder.007_M1_0.obj
(0.0,0.0,0.0) (0.0,0.0,0.0) 1
DIFFUSE (0.2667609453201294,0.2667609453201294,0.2667609453201294)

MESH ..\meshes\ufo\Cylinder.007_M3_0.obj
(0.0,0.0,0.0) (0.0,0.0,0.0) 1
DIFFUSE (0.03880823031067848,0.013567555695772171,0.8000000715255737)

MESH ..\meshes\ufo\Cylinder.007_M9L_0.obj
(0.0,0.0,0.0) (0.0,0.0,0.0) 1
DIFFUSE (0.8000000715255737,0.7372741103172302,0.12158297002315521)

MESH ..\meshes\ufo\Cylinder.007_M7_0.obj
(0.0,0.0,0.0) (0.0,0.0,0.0) 1
DIFFUSE (0.800000011920929,0.800000011920929,0.800000011920929)

MESH ..\meshes\ufo\Cylinder.007_M2_0.obj
(0.0,0.0,0.0) (0.0,0.0,0.0) 1
DIFFUSE (0.800000011920929,0.800000011920929,0.800000011920929) 

